ayy lmao
0 0 0 0 0 0 0 0 0 0 0 0 0 0 0 0 0 0 0 0 k
0 1 1 1 1 1 1 1 1 1 1 1 1 1 1 1 1 1 1 0 k
0 1 1 1 1 1 1 1 1 1 1 1 1 1 1 1 1 1 1 0 k
0 1 1 1 1 1 1 1 1 1 1 1 1 1 1 1 1 1 1 0 k
0 1 1 1 1 1 1 0 1 1 1 1 1 1 1 1 1 1 1 0 k
0 1 1 1 1 0 1 1 1 0 1 1 1 1 1 1 1 1 1 0 k
0 1 1 1 1 1 0 1 0 1 1 1 1 1 1 1 1 1 1 0 k
0 1 1 1 0 1 1 2 1 1 0 1 1 1 1 1 1 1 1 0 k
0 1 1 1 1 1 0 1 0 1 1 1 1 1 1 1 1 1 1 0 k
0 1 1 1 1 0 1 1 1 0 1 1 1 1 1 1 1 1 1 0 k
0 1 1 1 1 1 1 0 1 1 1 1 1 1 1 1 1 1 1 0 k
0 1 1 1 1 1 1 1 1 1 1 1 1 1 1 1 1 1 1 0 k
0 1 1 1 1 1 1 1 1 1 1 1 1 1 1 1 1 1 1 0 k
0 1 1 1 1 1 1 1 1 1 1 1 1 1 1 1 1 1 1 0 k
0 1 1 1 1 1 1 1 1 1 1 1 1 1 1 1 1 1 1 0 k
0 1 1 1 1 1 1 1 1 1 1 1 1 1 1 1 1 1 1 0 k
0 1 1 1 1 1 1 1 1 1 1 1 1 1 1 1 1 1 1 0 k
0 1 1 1 1 1 1 1 1 1 1 1 1 1 1 1 1 1 1 0 k
0 1 1 1 1 1 1 1 1 1 1 1 1 1 1 1 1 1 1 0 k
0 0 0 0 0 0 0 0 0 0 0 0 0 0 0 0 0 0 0 0 k
<<<<<<< HEAD
j
=======
j
1 18 1
end
>>>>>>> origin/master
