Sample Entrance Text
0 0 0 0 0 0 0 0 0 0 0 0 0 0 0 0 0 0 0 0 k
0 1 1 1 1 1 1 1 1 1 1 1 1 1 1 1 1 1 1 0 k
0 1 0 0 0 1 1 0 0 1 1 1 0 1 1 0 0 1 1 0 k
0 1 0 1 1 1 1 0 0 0 1 1 0 1 1 0 1 0 1 0 k
0 1 0 0 0 1 1 0 1 0 0 1 0 1 1 0 1 0 1 0 k
0 1 0 1 1 1 1 0 1 1 0 0 0 1 1 0 1 0 1 0 k
0 1 0 0 0 1 1 0 1 1 1 0 0 1 1 0 0 1 1 0 k
0 1 1 1 1 1 1 1 1 1 1 1 1 1 1 1 1 1 1 0 k
0 1 1 1 1 1 1 1 1 1 1 1 1 1 1 1 1 1 1 0 k
0 1 1 1 1 1 1 1 1 1 1 1 1 1 1 1 1 3 1 0 k
0 1 1 1 1 1 1 1 1 1 1 1 1 1 1 1 1 1 1 0 k
0 1 1 1 1 1 1 1 1 1 1 1 1 1 1 1 1 1 1 0 k
0 1 1 1 1 1 1 1 1 1 1 1 1 1 1 1 1 1 1 0 k
0 1 1 1 1 1 1 1 1 1 1 1 1 1 1 1 1 1 1 0 k
0 1 1 1 1 1 1 1 1 1 1 1 1 1 1 1 1 1 1 0 k
0 1 1 1 1 1 1 1 1 1 1 1 1 1 1 1 1 1 1 0 k
0 1 1 1 1 1 1 1 1 1 1 1 1 1 1 1 1 1 1 0 k
0 1 1 1 1 1 1 1 1 1 1 1 1 1 1 1 1 1 1 0 k
0 1 1 1 1 1 1 1 1 1 1 1 1 1 1 1 1 1 1 0 k
0 4 0 0 0 0 0 0 0 0 0 0 0 0 0 0 0 0 0 0 k
j
19 1 0
end
18 1 0